# BRON: KONINKLIJK NEDERLANDS METEOROLOGISCH INSTITUUT (KNMI)
# Opmerking: door stationsverplaatsingen en veranderingen in waarneemmethodieken zijn deze tijdreeksen van dagwaarden mogelijk inhomogeen! Dat betekent dat deze reeks van gemeten waarden niet geschikt is voor trendanalyse. Voor studies naar klimaatverandering verwijzen we naar de gehomogeniseerde reeks maandtemperaturen van De Bilt <http://www.knmi.nl/kennis-en-datacentrum/achtergrond/gehomogeniseerde-reeks-maandtemperaturen-de-bilt> of de Centraal Nederland Temperatuur <http://www.knmi.nl/kennis-en-datacentrum/achtergrond/centraal-nederland-temperatuur-cnt>.
# 
# 
# STN      LON(east)   LAT(north)     ALT(m)  NAME
# 260:         5.180       52.099       0.19  De Bilt
# 
# YYYYMMDD = Datum (YYYY=jaar MM=maand DD=dag); 
# TG       = Etmaalgemiddelde temperatuur (in 0.1 graden Celsius); 
# 
# STN,YYYYMMDD,   TG
# 
  260,20100101,  -16
  260,20100102,  -11
  260,20100103,  -39
  260,20100104,  -29
  260,20100105,   -7
  260,20100106,  -30
  260,20100107,  -49
  260,20100108,  -50
  260,20100109,  -22
  260,20100110,   -5
  260,20100111,   -4
  260,20100112,  -17
  260,20100113,  -30
  260,20100114,    6
  260,20100115,   13
  260,20100116,   10
  260,20100117,   39
  260,20100118,   40
  260,20100119,   40
  260,20100120,   27
  260,20100121,   27
  260,20100122,   22
  260,20100123,   13
  260,20100124,   -2
  260,20100125,  -32
  260,20100126,  -75
  260,20100127,  -23
  260,20100128,   32
  260,20100129,   19
  260,20100130,    0
  260,20100131,   12
  260,20100201,    1
  260,20100202,   23
  260,20100203,   22
  260,20100204,   58
  260,20100205,   44
  260,20100206,   28
  260,20100207,   12
  260,20100208,  -32
  260,20100209,  -33
  260,20100210,  -31
  260,20100211,  -25
  260,20100212,  -28
  260,20100213,  -17
  260,20100214,  -23
  260,20100215,  -36
  260,20100216,   -9
  260,20100217,   -2
  260,20100218,   32
  260,20100219,   33
  260,20100220,   14
  260,20100221,    6
  260,20100222,   40
  260,20100223,   21
  260,20100224,   63
  260,20100225,   82
  260,20100226,   73
  260,20100227,   68
  260,20100228,   64
  260,20100301,   42
  260,20100302,   29
  260,20100303,   20
  260,20100304,   15
  260,20100305,   18
  260,20100306,    8
  260,20100307,  -10
  260,20100308,    1
  260,20100309,    5
  260,20100310,    7
  260,20100311,   26
  260,20100312,   46
  260,20100313,   52
  260,20100314,   62
  260,20100315,   63
  260,20100316,   63
  260,20100317,   84
  260,20100318,  108
  260,20100319,  125
  260,20100320,  136
  260,20100321,   86
  260,20100322,   78
  260,20100323,   98
  260,20100324,  124
  260,20100325,  146
  260,20100326,  106
  260,20100327,   98
  260,20100328,   91
  260,20100329,  101
  260,20100330,  102
  260,20100331,   65
  260,20100401,   52
  260,20100402,   78
  260,20100403,   73
  260,20100404,   71
  260,20100405,   78
  260,20100406,  110
  260,20100407,  136
  260,20100408,   92
  260,20100409,  104
  260,20100410,   78
  260,20100411,   63
  260,20100412,   93
  260,20100413,   90
  260,20100414,   96
  260,20100415,   92
  260,20100416,   77
  260,20100417,   80
  260,20100418,  102
  260,20100419,   88
  260,20100420,   86
  260,20100421,   67
  260,20100422,   70
  260,20100423,   80
  260,20100424,  117
  260,20100425,  143
  260,20100426,  126
  260,20100427,  124
  260,20100428,  157
  260,20100429,  177
  260,20100430,  117
  260,20100501,  100
  260,20100502,   75
  260,20100503,   66
  260,20100504,   77
  260,20100505,   79
  260,20100506,   92
  260,20100507,   77
  260,20100508,   90
  260,20100509,   93
  260,20100510,   72
  260,20100511,   68
  260,20100512,   65
  260,20100513,   72
  260,20100514,   76
  260,20100515,   91
  260,20100516,  119
  260,20100517,  116
  260,20100518,  101
  260,20100519,  118
  260,20100520,  138
  260,20100521,  145
  260,20100522,  142
  260,20100523,  169
  260,20100524,  169
  260,20100525,  132
  260,20100526,  102
  260,20100527,  110
  260,20100528,  108
  260,20100529,  141
  260,20100530,  121
  260,20100531,  129
  260,20100601,  126
  260,20100602,  155
  260,20100603,  160
  260,20100604,  169
  260,20100605,  191
  260,20100606,  185
  260,20100607,  152
  260,20100608,  163
  260,20100609,  176
  260,20100610,  186
  260,20100611,  162
  260,20100612,  138
  260,20100613,  133
  260,20100614,  159
  260,20100615,  132
  260,20100616,  154
  260,20100617,  166
  260,20100618,  132
  260,20100619,  118
  260,20100620,  118
  260,20100621,  134
  260,20100622,  141
  260,20100623,  181
  260,20100624,  196
  260,20100625,  189
  260,20100626,  192
  260,20100627,  213
  260,20100628,  215
  260,20100629,  194
  260,20100630,  202
  260,20100701,  224
  260,20100702,  271
  260,20100703,  215
  260,20100704,  201
  260,20100705,  188
  260,20100706,  162
  260,20100707,  187
  260,20100708,  220
  260,20100709,  248
  260,20100710,  248
  260,20100711,  229
  260,20100712,  208
  260,20100713,  207
  260,20100714,  214
  260,20100715,  188
  260,20100716,  191
  260,20100717,  171
  260,20100718,  176
  260,20100719,  207
  260,20100720,  232
  260,20100721,  221
  260,20100722,  184
  260,20100723,  174
  260,20100724,  166
  260,20100725,  168
  260,20100726,  168
  260,20100727,  177
  260,20100728,  187
  260,20100729,  167
  260,20100730,  177
  260,20100731,  185
  260,20100801,  182
  260,20100802,  161
  260,20100803,  172
  260,20100804,  165
  260,20100805,  153
  260,20100806,  164
  260,20100807,  175
  260,20100808,  171
  260,20100809,  179
  260,20100810,  175
  260,20100811,  169
  260,20100812,  141
  260,20100813,  156
  260,20100814,  182
  260,20100815,  175
  260,20100816,  192
  260,20100817,  164
  260,20100818,  169
  260,20100819,  168
  260,20100820,  207
  260,20100821,  214
  260,20100822,  198
  260,20100823,  193
  260,20100824,  168
  260,20100825,  165
  260,20100826,  168
  260,20100827,  148
  260,20100828,  135
  260,20100829,  126
  260,20100830,  141
  260,20100831,  128
  260,20100901,  123
  260,20100902,  129
  260,20100903,  140
  260,20100904,  138
  260,20100905,  135
  260,20100906,  151
  260,20100907,  125
  260,20100908,  155
  260,20100909,  162
  260,20100910,  158
  260,20100911,  184
  260,20100912,  153
  260,20100913,  149
  260,20100914,  156
  260,20100915,  139
  260,20100916,  125
  260,20100917,  114
  260,20100918,  117
  260,20100919,  133
  260,20100920,  153
  260,20100921,  144
  260,20100922,  151
  260,20100923,  160
  260,20100924,  149
  260,20100925,  113
  260,20100926,   86
  260,20100927,  100
  260,20100928,  127
  260,20100929,   97
  260,20100930,  100
  260,20101001,  120
  260,20101002,  153
  260,20101003,  182
  260,20101004,  172
  260,20101005,  167
  260,20101006,  160
  260,20101007,  140
  260,20101008,  142
  260,20101009,  136
  260,20101010,  113
  260,20101011,   96
  260,20101012,   85
  260,20101013,   83
  260,20101014,   94
  260,20101015,  103
  260,20101016,   74
  260,20101017,   47
  260,20101018,   68
  260,20101019,   90
  260,20101020,   62
  260,20101021,   78
  260,20101022,   90
  260,20101023,   72
  260,20101024,   75
  260,20101025,   53
  260,20101026,   64
  260,20101027,   89
  260,20101028,  113
  260,20101029,  100
  260,20101030,  112
  260,20101031,   92
  260,20101101,   82
  260,20101102,  110
  260,20101103,  128
  260,20101104,  152
  260,20101105,  137
  260,20101106,   93
  260,20101107,   55
  260,20101108,   49
  260,20101109,   46
  260,20101110,   54
  260,20101111,   68
  260,20101112,  113
  260,20101113,  104
  260,20101114,  112
  260,20101115,   58
  260,20101116,   20
  260,20101117,   39
  260,20101118,   53
  260,20101119,   71
  260,20101120,   70
  260,20101121,   52
  260,20101122,   45
  260,20101123,   46
  260,20101124,   35
  260,20101125,   24
  260,20101126,   -1
  260,20101127,   -5
  260,20101128,  -30
  260,20101129,  -22
  260,20101130,  -16
  260,20101201,  -62
  260,20101202,  -69
  260,20101203,  -54
  260,20101204,  -21
  260,20101205,   23
  260,20101206,   -4
  260,20101207,  -23
  260,20101208,  -21
  260,20101209,   27
  260,20101210,   38
  260,20101211,   71
  260,20101212,   31
  260,20101213,  -17
  260,20101214,  -25
  260,20101215,    4
  260,20101216,   15
  260,20101217,  -22
  260,20101218,  -41
  260,20101219,  -49
  260,20101220,  -77
  260,20101221,  -39
  260,20101222,  -21
  260,20101223,   -7
  260,20101224,  -12
  260,20101225,  -16
  260,20101226,    5
  260,20101227,   -6
  260,20101228,    4
  260,20101229,    4
  260,20101230,  -16
  260,20101231,   25
  260,20110101,   35
  260,20110102,   23
  260,20110103,    7
  260,20110104,    9
  260,20110105,    3
  260,20110106,   44
  260,20110107,   47
  260,20110108,   88
  260,20110109,   38
  260,20110110,    9
  260,20110111,   32
  260,20110112,   57
  260,20110113,   95
  260,20110114,   99
  260,20110115,   89
  260,20110116,   97
  260,20110117,   81
  260,20110118,   44
  260,20110119,   36
  260,20110120,   20
  260,20110121,    9
  260,20110122,   45
  260,20110123,   51
  260,20110124,   55
  260,20110125,   47
  260,20110126,   13
  260,20110127,   -1
  260,20110128,  -24
  260,20110129,  -30
  260,20110130,  -14
  260,20110131,  -13
  260,20110201,   -7
  260,20110202,   35
  260,20110203,   56
  260,20110204,   91
  260,20110205,  108
  260,20110206,  100
  260,20110207,   84
  260,20110208,   43
  260,20110209,   30
  260,20110210,   75
  260,20110211,   78
  260,20110212,   55
  260,20110213,   62
  260,20110214,   63
  260,20110215,   59
  260,20110216,   63
  260,20110217,   38
  260,20110218,   10
  260,20110219,   21
  260,20110220,    3
  260,20110221,  -19
  260,20110222,  -20
  260,20110223,    4
  260,20110224,   42
  260,20110225,   68
  260,20110226,   73
  260,20110227,   43
  260,20110228,   24
  260,20110301,   25
  260,20110302,   19
  260,20110303,    6
  260,20110304,   -2
  260,20110305,   26
  260,20110306,   19
  260,20110307,   20
  260,20110308,   46
  260,20110309,   67
  260,20110310,   77
  260,20110311,   67
  260,20110312,   85
  260,20110313,  106
  260,20110314,  107
  260,20110315,  113
  260,20110316,   72
  260,20110317,   57
  260,20110318,   64
  260,20110319,   41
  260,20110320,   38
  260,20110321,   59
  260,20110322,   78
  260,20110323,   83
  260,20110324,   90
  260,20110325,   92
  260,20110326,   48
  260,20110327,   62
  260,20110328,   47
  260,20110329,   60
  260,20110330,   90
  260,20110331,  113
  260,20110401,  126
  260,20110402,  153
  260,20110403,  118
  260,20110404,  103
  260,20110405,   99
  260,20110406,  144
  260,20110407,  122
  260,20110408,  100
  260,20110409,  104
  260,20110410,  112
  260,20110411,  128
  260,20110412,   84
  260,20110413,   82
  260,20110414,   85
  260,20110415,  103
  260,20110416,  104
  260,20110417,  125
  260,20110418,  126
  260,20110419,  152
  260,20110420,  155
  260,20110421,  164
  260,20110422,  182
  260,20110423,  189
  260,20110424,  178
  260,20110425,  167
  260,20110426,  142
  260,20110427,  124
  260,20110428,  141
  260,20110429,  168
  260,20110430,  155
  260,20110501,  129
  260,20110502,   98
  260,20110503,   82
  260,20110504,   80
  260,20110505,  106
  260,20110506,  150
  260,20110507,  203
  260,20110508,  213
  260,20110509,  163
  260,20110510,  165
  260,20110511,  150
  260,20110512,  131
  260,20110513,  136
  260,20110514,  120
  260,20110515,  117
  260,20110516,  131
  260,20110517,  140
  260,20110518,  140
  260,20110519,  122
  260,20110520,  132
  260,20110521,  145
  260,20110522,  148
  260,20110523,  160
  260,20110524,  136
  260,20110525,  150
  260,20110526,  147
  260,20110527,  124
  260,20110528,  129
  260,20110529,  159
  260,20110530,  191
  260,20110531,  135
  260,20110601,  135
  260,20110602,  160
  260,20110603,  188
  260,20110604,  210
  260,20110605,  166
  260,20110606,  160
  260,20110607,  153
  260,20110608,  145
  260,20110609,  139
  260,20110610,  130
  260,20110611,  115
  260,20110612,  138
  260,20110613,  163
  260,20110614,  165
  260,20110615,  174
  260,20110616,  150
  260,20110617,  143
  260,20110618,  141
  260,20110619,  136
  260,20110620,  154
  260,20110621,  173
  260,20110622,  158
  260,20110623,  154
  260,20110624,  141
  260,20110625,  142
  260,20110626,  194
  260,20110627,  238
  260,20110628,  249
  260,20110629,  169
  260,20110630,  152
  260,20110701,  144
  260,20110702,  138
  260,20110703,  146
  260,20110704,  155
  260,20110705,  182
  260,20110706,  175
  260,20110707,  176
  260,20110708,  178
  260,20110709,  168
  260,20110710,  165
  260,20110711,  179
  260,20110712,  180
  260,20110713,  134
  260,20110714,  137
  260,20110715,  171
  260,20110716,  163
  260,20110717,  159
  260,20110718,  152
  260,20110719,  166
  260,20110720,  171
  260,20110721,  167
  260,20110722,  152
  260,20110723,  135
  260,20110724,  124
  260,20110725,  150
  260,20110726,  155
  260,20110727,  170
  260,20110728,  188
  260,20110729,  157
  260,20110730,  147
  260,20110731,  142
  260,20110801,  153
  260,20110802,  208
  260,20110803,  197
  260,20110804,  195
  260,20110805,  189
  260,20110806,  185
  260,20110807,  165
  260,20110808,  158
  260,20110809,  147
  260,20110810,  159
  260,20110811,  172
  260,20110812,  176
  260,20110813,  173
  260,20110814,  172
  260,20110815,  160
  260,20110816,  177
  260,20110817,  176
  260,20110818,  164
  260,20110819,  155
  260,20110820,  168
  260,20110821,  197
  260,20110822,  178
  260,20110823,  191
  260,20110824,  183
  260,20110825,  172
  260,20110826,  178
  260,20110827,  145
  260,20110828,  137
  260,20110829,  136
  260,20110830,  128
  260,20110831,  141
  260,20110901,  127
  260,20110902,  169
  260,20110903,  208
  260,20110904,  185
  260,20110905,  153
  260,20110906,  152
  260,20110907,  149
  260,20110908,  145
  260,20110909,  175
  260,20110910,  207
  260,20110911,  172
  260,20110912,  168
  260,20110913,  155
  260,20110914,  143
  260,20110915,  140
  260,20110916,  141
  260,20110917,  151
  260,20110918,  122
  260,20110919,  126
  260,20110920,  158
  260,20110921,  160
  260,20110922,  145
  260,20110923,  133
  260,20110924,  127
  260,20110925,  154
  260,20110926,  166
  260,20110927,  157
  260,20110928,  161
  260,20110929,  178
  260,20110930,  165
  260,20111001,  161
  260,20111002,  156
  260,20111003,  181
  260,20111004,  171
  260,20111005,  172
  260,20111006,  134
  260,20111007,  107
  260,20111008,  100
  260,20111009,  116
  260,20111010,  169
  260,20111011,  156
  260,20111012,  111
  260,20111013,   90
  260,20111014,   76
  260,20111015,   68
  260,20111016,   75
  260,20111017,  112
  260,20111018,  105
  260,20111019,   83
  260,20111020,   70
  260,20111021,   64
  260,20111022,   58
  260,20111023,   82
  260,20111024,   97
  260,20111025,  103
  260,20111026,  104
  260,20111027,  109
  260,20111028,  119
  260,20111029,  123
  260,20111030,  133
  260,20111031,  135
  260,20111101,  127
  260,20111102,  119
  260,20111103,  144
  260,20111104,  147
  260,20111105,  124
  260,20111106,  111
  260,20111107,  100
  260,20111108,   85
  260,20111109,   83
  260,20111110,   55
  260,20111111,   74
  260,20111112,   61
  260,20111113,   36
  260,20111114,   29
  260,20111115,   10
  260,20111116,   18
  260,20111117,   34
  260,20111118,   68
  260,20111119,   39
  260,20111120,   19
  260,20111121,   13
  260,20111122,   34
  260,20111123,   79
  260,20111124,   81
  260,20111125,   87
  260,20111126,   87
  260,20111127,   96
  260,20111128,   49
  260,20111129,   75
  260,20111130,   73
  260,20111201,   96
  260,20111202,   65
  260,20111203,   81
  260,20111204,   79
  260,20111205,   54
  260,20111206,   49
  260,20111207,   70
  260,20111208,   76
  260,20111209,   63
  260,20111210,   40
  260,20111211,   39
  260,20111212,   68
  260,20111213,   78
  260,20111214,   51
  260,20111215,   53
  260,20111216,   39
  260,20111217,   44
  260,20111218,   23
  260,20111219,   23
  260,20111220,   58
  260,20111221,   59
  260,20111222,   92
  260,20111223,   91
  260,20111224,   64
  260,20111225,   92
  260,20111226,  109
  260,20111227,   87
  260,20111228,   68
  260,20111229,   68
  260,20111230,   53
  260,20111231,   77
  260,20120101,  116
  260,20120102,   75
  260,20120103,   74
  260,20120104,   71
  260,20120105,   74
  260,20120106,   67
  260,20120107,   78
  260,20120108,   74
  260,20120109,   83
  260,20120110,   75
  260,20120111,   84
  260,20120112,   79
  260,20120113,   55
  260,20120114,   40
  260,20120115,   18
  260,20120116,  -10
  260,20120117,   -3
  260,20120118,   26
  260,20120119,   67
  260,20120120,   46
  260,20120121,   78
  260,20120122,   68
  260,20120123,   54
  260,20120124,   33
  260,20120125,   41
  260,20120126,   45
  260,20120127,   43
  260,20120128,   28
  260,20120129,   -7
  260,20120130,  -20
  260,20120131,  -39
  260,20120201,  -49
  260,20120202,  -65
  260,20120203,  -82
  260,20120204, -121
  260,20120205,  -71
  260,20120206,  -84
  260,20120207,  -85
  260,20120208,  -33
  260,20120209,  -44
  260,20120210,  -61
  260,20120211,  -73
  260,20120212,  -37
  260,20120213,   27
  260,20120214,   46
  260,20120215,   56
  260,20120216,   55
  260,20120217,   68
  260,20120218,   70
  260,20120219,   29
  260,20120220,   22
  260,20120221,   57
  260,20120222,   67
  260,20120223,  101
  260,20120224,   81
  260,20120225,   53
  260,20120226,   68
  260,20120227,   62
  260,20120228,   87
  260,20120229,   88
  260,20120301,   90
  260,20120302,   88
  260,20120303,   93
  260,20120304,   79
  260,20120305,   56
  260,20120306,   57
  260,20120307,   43
  260,20120308,   58
  260,20120309,   78
  260,20120310,   91
  260,20120311,   89
  260,20120312,   79
  260,20120313,   80
  260,20120314,   63
  260,20120315,   67
  260,20120316,   75
  260,20120317,   93
  260,20120318,   72
  260,20120319,   48
  260,20120320,   85
  260,20120321,   93
  260,20120322,  123
  260,20120323,  121
  260,20120324,  111
  260,20120325,   95
  260,20120326,   98
  260,20120327,  100
  260,20120328,  104
  260,20120329,   88
  260,20120330,   86
  260,20120331,   68
  260,20120401,   49
  260,20120402,   81
  260,20120403,   90
  260,20120404,   75
  260,20120405,   59
  260,20120406,   60
  260,20120407,   53
  260,20120408,   62
  260,20120409,   90
  260,20120410,   95
  260,20120411,   79
  260,20120412,   71
  260,20120413,   73
  260,20120414,   76
  260,20120415,   66
  260,20120416,   50
  260,20120417,   49
  260,20120418,   84
  260,20120419,   89
  260,20120420,   82
  260,20120421,   78
  260,20120422,   88
  260,20120423,   94
  260,20120424,   97
  260,20120425,  100
  260,20120426,  114
  260,20120427,  123
  260,20120428,  105
  260,20120429,  125
  260,20120430,  158
  260,20120501,  149
  260,20120502,  143
  260,20120503,  125
  260,20120504,   99
  260,20120505,   86
  260,20120506,   81
  260,20120507,   99
  260,20120508,  136
  260,20120509,  157
  260,20120510,  183
  260,20120511,  138
  260,20120512,   87
  260,20120513,   88
  260,20120514,  111
  260,20120515,   89
  260,20120516,   82
  260,20120517,  104
  260,20120518,  134
  260,20120519,  154
  260,20120520,  164
  260,20120521,  190
  260,20120522,  214
  260,20120523,  203
  260,20120524,  224
  260,20120525,  208
  260,20120526,  202
  260,20120527,  205
  260,20120528,  183
  260,20120529,  136
  260,20120530,  162
  260,20120531,  144
  260,20120601,  127
  260,20120602,  118
  260,20120603,   91
  260,20120604,   91
  260,20120605,  110
  260,20120606,  139
  260,20120607,  162
  260,20120608,  152
  260,20120609,  133
  260,20120610,  149
  260,20120611,  148
  260,20120612,  136
  260,20120613,  117
  260,20120614,  125
  260,20120615,  149
  260,20120616,  167
  260,20120617,  156
  260,20120618,  144
  260,20120619,  153
  260,20120620,  177
  260,20120621,  178
  260,20120622,  154
  260,20120623,  157
  260,20120624,  137
  260,20120625,  143
  260,20120626,  162
  260,20120627,  180
  260,20120628,  223
  260,20120629,  191
  260,20120630,  191
  260,20120701,  154
  260,20120702,  165
  260,20120703,  190
  260,20120704,  212
  260,20120705,  219
  260,20120706,  190
  260,20120707,  184
  260,20120708,  168
  260,20120709,  166
  260,20120710,  164
  260,20120711,  156
  260,20120712,  145
  260,20120713,  155
  260,20120714,  149
  260,20120715,  153
  260,20120716,  149
  260,20120717,  175
  260,20120718,  171
  260,20120719,  153
  260,20120720,  146
  260,20120721,  133
  260,20120722,  150
  260,20120723,  188
  260,20120724,  209
  260,20120725,  223
  260,20120726,  212
  260,20120727,  214
  260,20120728,  185
  260,20120729,  164
  260,20120730,  154
  260,20120731,  153
  260,20120801,  202
  260,20120802,  176
  260,20120803,  179
  260,20120804,  185
  260,20120805,  179
  260,20120806,  172
  260,20120807,  156
  260,20120808,  169
  260,20120809,  168
  260,20120810,  157
  260,20120811,  159
  260,20120812,  186
  260,20120813,  186
  260,20120814,  199
  260,20120815,  219
  260,20120816,  190
  260,20120817,  216
  260,20120818,  241
  260,20120819,  255
  260,20120820,  219
  260,20120821,  205
  260,20120822,  184
  260,20120823,  181
  260,20120824,  184
  260,20120825,  177
  260,20120826,  160
  260,20120827,  169
  260,20120828,  177
  260,20120829,  179
  260,20120830,  158
  260,20120831,  135
  260,20120901,  139
  260,20120902,  158
  260,20120903,  171
  260,20120904,  176
  260,20120905,  159
  260,20120906,  151
  260,20120907,  172
  260,20120908,  177
  260,20120909,  185
  260,20120910,  186
  260,20120911,  156
  260,20120912,  133
  260,20120913,  132
  260,20120914,  140
  260,20120915,  135
  260,20120916,  143
  260,20120917,  167
  260,20120918,  128
  260,20120919,   93
  260,20120920,  110
  260,20120921,  125
  260,20120922,  105
  260,20120923,   88
  260,20120924,  142
  260,20120925,  135
  260,20120926,  132
  260,20120927,  125
  260,20120928,  132
  260,20120929,  128
  260,20120930,  123
  260,20121001,  142
  260,20121002,  145
  260,20121003,  128
  260,20121004,  116
  260,20121005,  128
  260,20121006,   96
  260,20121007,   78
  260,20121008,   78
  260,20121009,   75
  260,20121010,   81
  260,20121011,   89
  260,20121012,  112
  260,20121013,   89
  260,20121014,   86
  260,20121015,  104
  260,20121016,  110
  260,20121017,  117
  260,20121018,  152
  260,20121019,  168
  260,20121020,  149
  260,20121021,  135
  260,20121022,  162
  260,20121023,  143
  260,20121024,  119
  260,20121025,  107
  260,20121026,   50
  260,20121027,   29
  260,20121028,   47
  260,20121029,   75
  260,20121030,   69
  260,20121031,   77
  260,20121101,   78
  260,20121102,   67
  260,20121103,   62
  260,20121104,   61
  260,20121105,   68
  260,20121106,   67
  260,20121107,  103
  260,20121108,   99
  260,20121109,   92
  260,20121110,  100
  260,20121111,   83
  260,20121112,   66
  260,20121113,   87
  260,20121114,   74
  260,20121115,   39
  260,20121116,   38
  260,20121117,   52
  260,20121118,   55
  260,20121119,   46
  260,20121120,   90
  260,20121121,   65
  260,20121122,   79
  260,20121123,   62
  260,20121124,   52
  260,20121125,  105
  260,20121126,   77
  260,20121127,   67
  260,20121128,   53
  260,20121129,   42
  260,20121130,   23
  260,20121201,   36
  260,20121202,   23
  260,20121203,   27
  260,20121204,   43
  260,20121205,   12
  260,20121206,    6
  260,20121207,    3
  260,20121208,  -18
  260,20121209,   53
  260,20121210,   32
  260,20121211,    6
  260,20121212,   15
  260,20121213,  -10
  260,20121214,   50
  260,20121215,   84
  260,20121216,   72
  260,20121217,   62
  260,20121218,   57
  260,20121219,   54
  260,20121220,   32
  260,20121221,   49
  260,20121222,   72
  260,20121223,  114
  260,20121224,  100
  260,20121225,   86
  260,20121226,   80
  260,20121227,   75
  260,20121228,   65
  260,20121229,  108
  260,20121230,   79
  260,20121231,   95
  260,20130101,   71
  260,20130102,   67
  260,20130103,  103
  260,20130104,   93
  260,20130105,   81
  260,20130106,   84
  260,20130107,   73
  260,20130108,   73
  260,20130109,   65
  260,20130110,   55
  260,20130111,    7
  260,20130112,    0
  260,20130113,  -21
  260,20130114,  -35
  260,20130115,  -30
  260,20130116,  -72
  260,20130117,  -53
  260,20130118,  -17
  260,20130119,  -39
  260,20130120,  -46
  260,20130121,  -20
  260,20130122,  -40
  260,20130123,  -52
  260,20130124,  -35
  260,20130125,  -53
  260,20130126,  -14
  260,20130127,   40
  260,20130128,   52
  260,20130129,  107
  260,20130130,  103
  260,20130131,   78
  260,20130201,   49
  260,20130202,   39
  260,20130203,   48
  260,20130204,   82
  260,20130205,   34
  260,20130206,   24
  260,20130207,   22
  260,20130208,    9
  260,20130209,   -5
  260,20130210,   -3
  260,20130211,  -15
  260,20130212,   -8
  260,20130213,  -13
  260,20130214,   -7
  260,20130215,   42
  260,20130216,   52
  260,20130217,   29
  260,20130218,   22
  260,20130219,   30
  260,20130220,   -3
  260,20130221,  -12
  260,20130222,  -20
  260,20130223,  -15
  260,20130224,    2
  260,20130225,   17
  260,20130226,   32
  260,20130227,   10
  260,20130228,   23
  260,20130301,   35
  260,20130302,   31
  260,20130303,   38
  260,20130304,   45
  260,20130305,   86
  260,20130306,  112
  260,20130307,   89
  260,20130308,   91
  260,20130309,   47
  260,20130310,   -1
  260,20130311,  -21
  260,20130312,  -25
  260,20130313,   -9
  260,20130314,   -7
  260,20130315,    4
  260,20130316,   53
  260,20130317,   56
  260,20130318,   57
  260,20130319,   33
  260,20130320,   14
  260,20130321,   12
  260,20130322,    5
  260,20130323,   -3
  260,20130324,   -6
  260,20130325,    3
  260,20130326,    7
  260,20130327,   10
  260,20130328,    1
  260,20130329,   -4
  260,20130330,    3
  260,20130331,    5
  260,20130401,   23
  260,20130402,   33
  260,20130403,   30
  260,20130404,   28
  260,20130405,   40
  260,20130406,   42
  260,20130407,   41
  260,20130408,   59
  260,20130409,   65
  260,20130410,   61
  260,20130411,   71
  260,20130412,   86
  260,20130413,  100
  260,20130414,  158
  260,20130415,  123
  260,20130416,  121
  260,20130417,  152
  260,20130418,  124
  260,20130419,   80
  260,20130420,   63
  260,20130421,   73
  260,20130422,   88
  260,20130423,  105
  260,20130424,  135
  260,20130425,  155
  260,20130426,   79
  260,20130427,   66
  260,20130428,   72
  260,20130429,   80
  260,20130430,   85
  260,20130501,  105
  260,20130502,  113
  260,20130503,  123
  260,20130504,  118
  260,20130505,  132
  260,20130506,  155
  260,20130507,  164
  260,20130508,  163
  260,20130509,  131
  260,20130510,  124
  260,20130511,  102
  260,20130512,   95
  260,20130513,  111
  260,20130514,   94
  260,20130515,  117
  260,20130516,   92
  260,20130517,   92
  260,20130518,   98
  260,20130519,  108
  260,20130520,  114
  260,20130521,  103
  260,20130522,   90
  260,20130523,   66
  260,20130524,   79
  260,20130525,   89
  260,20130526,   97
  260,20130527,  135
  260,20130528,  160
  260,20130529,  111
  260,20130530,  131
  260,20130531,  151
  260,20130601,  110
  260,20130602,  121
  260,20130603,  108
  260,20130604,  145
  260,20130605,  162
  260,20130606,  176
  260,20130607,  172
  260,20130608,  141
  260,20130609,  123
  260,20130610,  121
  260,20130611,  154
  260,20130612,  186
  260,20130613,  160
  260,20130614,  150
  260,20130615,  148
  260,20130616,  144
  260,20130617,  179
  260,20130618,  227
  260,20130619,  216
  260,20130620,  195
  260,20130621,  165
  260,20130622,  161
  260,20130623,  146
  260,20130624,  134
  260,20130625,  131
  260,20130626,  130
  260,20130627,  127
  260,20130628,  137
  260,20130629,  141
  260,20130630,  166
  260,20130701,  157
  260,20130702,  166
  260,20130703,  166
  260,20130704,  180
  260,20130705,  183
  260,20130706,  191
  260,20130707,  196
  260,20130708,  194
  260,20130709,  183
  260,20130710,  162
  260,20130711,  148
  260,20130712,  143
  260,20130713,  165
  260,20130714,  165
  260,20130715,  193
  260,20130716,  198
  260,20130717,  211
  260,20130718,  214
  260,20130719,  205
  260,20130720,  184
  260,20130721,  228
  260,20130722,  249
  260,20130723,  243
  260,20130724,  209
  260,20130725,  209
  260,20130726,  217
  260,20130727,  211
  260,20130728,  196
  260,20130729,  204
  260,20130730,  181
  260,20130731,  198
  260,20130801,  246
  260,20130802,  264
  260,20130803,  199
  260,20130804,  198
  260,20130805,  218
  260,20130806,  187
  260,20130807,  150
  260,20130808,  169
  260,20130809,  177
  260,20130810,  162
  260,20130811,  176
  260,20130812,  166
  260,20130813,  150
  260,20130814,  155
  260,20130815,  154
  260,20130816,  187
  260,20130817,  195
  260,20130818,  184
  260,20130819,  162
  260,20130820,  153
  260,20130821,  172
  260,20130822,  172
  260,20130823,  202
  260,20130824,  188
  260,20130825,  177
  260,20130826,  182
  260,20130827,  178
  260,20130828,  172
  260,20130829,  166
  260,20130830,  174
  260,20130831,  167
  260,20130901,  143
  260,20130902,  168
  260,20130903,  189
  260,20130904,  197
  260,20130905,  224
  260,20130906,  197
  260,20130907,  166
  260,20130908,  145
  260,20130909,  127
  260,20130910,  130
  260,20130911,  150
  260,20130912,  151
  260,20130913,  145
  260,20130914,  146
  260,20130915,  128
  260,20130916,  112
  260,20130917,  103
  260,20130918,  114
  260,20130919,  126
  260,20130920,  132
  260,20130921,  136
  260,20130922,  167
  260,20130923,  155
  260,20130924,  152
  260,20130925,  145
  260,20130926,  130
  260,20130927,  103
  260,20130928,  117
  260,20130929,  125
  260,20130930,  111
  260,20131001,  104
  260,20131002,  103
  260,20131003,  126
  260,20131004,  160
  260,20131005,  149
  260,20131006,  118
  260,20131007,  111
  260,20131008,  145
  260,20131009,  132
  260,20131010,   93
  260,20131011,   78
  260,20131012,   80
  260,20131013,   83
  260,20131014,  101
  260,20131015,   92
  260,20131016,   99
  260,20131017,  121
  260,20131018,  110
  260,20131019,  133
  260,20131020,  149
  260,20131021,  148
  260,20131022,  169
  260,20131023,  157
  260,20131024,  116
  260,20131025,  147
  260,20131026,  163
  260,20131027,  144
  260,20131028,  138
  260,20131029,  103
  260,20131030,   95
  260,20131031,  105
  260,20131101,  111
  260,20131102,  106
  260,20131103,   92
  260,20131104,   86
  260,20131105,   71
  260,20131106,  103
  260,20131107,  115
  260,20131108,   85
  260,20131109,   83
  260,20131110,   55
  260,20131111,   59
  260,20131112,   71
  260,20131113,   49
  260,20131114,   70
  260,20131115,   56
  260,20131116,   54
  260,20131117,   63
  260,20131118,   54
  260,20131119,   55
  260,20131120,   25
  260,20131121,   27
  260,20131122,   42
  260,20131123,   49
  260,20131124,   62
  260,20131125,   51
  260,20131126,   52
  260,20131127,   56
  260,20131128,   88
  260,20131129,   73
  260,20131130,   56
  260,20131201,   61
  260,20131202,   29
  260,20131203,    7
  260,20131204,   49
  260,20131205,   48
  260,20131206,   37
  260,20131207,   59
  260,20131208,   81
  260,20131209,   91
  260,20131210,   43
  260,20131211,   12
  260,20131212,   24
  260,20131213,   17
  260,20131214,   64
  260,20131215,   79
  260,20131216,  102
  260,20131217,   64
  260,20131218,   77
  260,20131219,   73
  260,20131220,   59
  260,20131221,   69
  260,20131222,   80
  260,20131223,   81
  260,20131224,   98
  260,20131225,   61
  260,20131226,   51
  260,20131227,   75
  260,20131228,   69
  260,20131229,   52
  260,20131230,   54
  260,20131231,   71
  260,20140101,   71
  260,20140102,   87
  260,20140103,   88
  260,20140104,   73
  260,20140105,   61
  260,20140106,  113
  260,20140107,  108
  260,20140108,   86
  260,20140109,   94
  260,20140110,   65
  260,20140111,   51
  260,20140112,   20
  260,20140113,   61
  260,20140114,   48
  260,20140115,   45
  260,20140116,   75
  260,20140117,   74
  260,20140118,   70
  260,20140119,   60
  260,20140120,   37
  260,20140121,   39
  260,20140122,   33
  260,20140123,   30
  260,20140124,   45
  260,20140125,   39
  260,20140126,   54
  260,20140127,   41
  260,20140128,   46
  260,20140129,    1
  260,20140130,    6
  260,20140131,   31
  260,20140201,   64
  260,20140202,   51
  260,20140203,   39
  260,20140204,   58
  260,20140205,   74
  260,20140206,   78
  260,20140207,   76
  260,20140208,   69
  260,20140209,   59
  260,20140210,   51
  260,20140211,   60
  260,20140212,   58
  260,20140213,   49
  260,20140214,   51
  260,20140215,  100
  260,20140216,   57
  260,20140217,   60
  260,20140218,   60
  260,20140219,   78
  260,20140220,   82
  260,20140221,   70
  260,20140222,   66
  260,20140223,   75
  260,20140224,   78
  260,20140225,   87
  260,20140226,   67
  260,20140227,   49
  260,20140228,   54
  260,20140301,   59
  260,20140302,   62
  260,20140303,   49
  260,20140304,   52
  260,20140305,   56
  260,20140306,   65
  260,20140307,   78
  260,20140308,   87
  260,20140309,  113
  260,20140310,   98
  260,20140311,   93
  260,20140312,   83
  260,20140313,   79
  260,20140314,   67
  260,20140315,   99
  260,20140316,  105
  260,20140317,  102
  260,20140318,   93
  260,20140319,  113
  260,20140320,  129
  260,20140321,   78
  260,20140322,   66
  260,20140323,   52
  260,20140324,   56
  260,20140325,   48
  260,20140326,   45
  260,20140327,   86
  260,20140328,  110
  260,20140329,  115
  260,20140330,  123
  260,20140331,  147
  260,20140401,  127
  260,20140402,  137
  260,20140403,  152
  260,20140404,  130
  260,20140405,  119
  260,20140406,  131
  260,20140407,  156
  260,20140408,   91
  260,20140409,  107
  260,20140410,  121
  260,20140411,  113
  260,20140412,   99
  260,20140413,  105
  260,20140414,   89
  260,20140415,   72
  260,20140416,   74
  260,20140417,  109
  260,20140418,   86
  260,20140419,  112
  260,20140420,  155
  260,20140421,  124
  260,20140422,  125
  260,20140423,  134
  260,20140424,  136
  260,20140425,  171
  260,20140426,  142
  260,20140427,  116
  260,20140428,  132
  260,20140429,  138
  260,20140430,  131
  260,20140501,  130
  260,20140502,  100
  260,20140503,   84
  260,20140504,   79
  260,20140505,  122
  260,20140506,  146
  260,20140507,  127
  260,20140508,  122
  260,20140509,  125
  260,20140510,  116
  260,20140511,  102
  260,20140512,  108
  260,20140513,  103
  260,20140514,   96
  260,20140515,  101
  260,20140516,  121
  260,20140517,  142
  260,20140518,  159
  260,20140519,  184
  260,20140520,  199
  260,20140521,  181
  260,20140522,  182
  260,20140523,  164
  260,20140524,  150
  260,20140525,  160
  260,20140526,  158
  260,20140527,  156
  260,20140528,  131
  260,20140529,  104
  260,20140530,  119
  260,20140531,  133
  260,20140601,  135
  260,20140602,  140
  260,20140603,  151
  260,20140604,  146
  260,20140605,  130
  260,20140606,  163
  260,20140607,  210
  260,20140608,  200
  260,20140609,  216
  260,20140610,  204
  260,20140611,  175
  260,20140612,  171
  260,20140613,  178
  260,20140614,  160
  260,20140615,  156
  260,20140616,  148
  260,20140617,  153
  260,20140618,  149
  260,20140619,  142
  260,20140620,  140
  260,20140621,  160
  260,20140622,  153
  260,20140623,  154
  260,20140624,  160
  260,20140625,  147
  260,20140626,  167
  260,20140627,  175
  260,20140628,  171
  260,20140629,  160
  260,20140630,  141
  260,20140701,  142
  260,20140702,  150
  260,20140703,  184
  260,20140704,  216
  260,20140705,  199
  260,20140706,  190
  260,20140707,  181
  260,20140708,  152
  260,20140709,  156
  260,20140710,  216
  260,20140711,  200
  260,20140712,  190
  260,20140713,  187
  260,20140714,  184
  260,20140715,  173
  260,20140716,  195
  260,20140717,  219
  260,20140718,  251
  260,20140719,  264
  260,20140720,  221
  260,20140721,  195
  260,20140722,  226
  260,20140723,  232
  260,20140724,  215
  260,20140725,  185
  260,20140726,  209
  260,20140727,  212
  260,20140728,  195
  260,20140729,  212
  260,20140730,  184
  260,20140731,  188
  260,20140801,  203
  260,20140802,  205
  260,20140803,  196
  260,20140804,  184
  260,20140805,  177
  260,20140806,  176
  260,20140807,  182
  260,20140808,  185
  260,20140809,  191
  260,20140810,  182
  260,20140811,  171
  260,20140812,  163
  260,20140813,  167
  260,20140814,  162
  260,20140815,  155
  260,20140816,  161
  260,20140817,  149
  260,20140818,  138
  260,20140819,  124
  260,20140820,  126
  260,20140821,  138
  260,20140822,  136
  260,20140823,  127
  260,20140824,  125
  260,20140825,  127
  260,20140826,  137
  260,20140827,  142
  260,20140828,  172
  260,20140829,  173
  260,20140830,  163
  260,20140831,  151
  260,20140901,  153
  260,20140902,  167
  260,20140903,  163
  260,20140904,  177
  260,20140905,  176
  260,20140906,  166
  260,20140907,  170
  260,20140908,  141
  260,20140909,  145
  260,20140910,  139
  260,20140911,  159
  260,20140912,  156
  260,20140913,  170
  260,20140914,  157
  260,20140915,  168
  260,20140916,  175
  260,20140917,  180
  260,20140918,  193
  260,20140919,  178
  260,20140920,  178
  260,20140921,  158
  260,20140922,  134
  260,20140923,  126
  260,20140924,  130
  260,20140925,  142
  260,20140926,  153
  260,20140927,  133
  260,20140928,  147
  260,20140929,  160
  260,20140930,  162
  260,20141001,  159
  260,20141002,  157
  260,20141003,  150
  260,20141004,  156
  260,20141005,  132
  260,20141006,  138
  260,20141007,  122
  260,20141008,  132
  260,20141009,  150
  260,20141010,  134
  260,20141011,  113
  260,20141012,  119
  260,20141013,  151
  260,20141014,  124
  260,20141015,  137
  260,20141016,  142
  260,20141017,  146
  260,20141018,  173
  260,20141019,  171
  260,20141020,  151
  260,20141021,  112
  260,20141022,  100
  260,20141023,  124
  260,20141024,  116
  260,20141025,  126
  260,20141026,  127
  260,20141027,  127
  260,20141028,   99
  260,20141029,  110
  260,20141030,  130
  260,20141031,  135
  260,20141101,  141
  260,20141102,  148
  260,20141103,  125
  260,20141104,   89
  260,20141105,   60
  260,20141106,   61
  260,20141107,   77
  260,20141108,   98
  260,20141109,   95
  260,20141110,   96
  260,20141111,   95
  260,20141112,   93
  260,20141113,   79
  260,20141114,  103
  260,20141115,   97
  260,20141116,   84
  260,20141117,   95
  260,20141118,   79
  260,20141119,   80
  260,20141120,   71
  260,20141121,   52
  260,20141122,   83
  260,20141123,  106
  260,20141124,   65
  260,20141125,   41
  260,20141126,   49
  260,20141127,   74
  260,20141128,   63
  260,20141129,   28
  260,20141130,   25
  260,20141201,   15
  260,20141202,    6
  260,20141203,  -12
  260,20141204,   -3
  260,20141205,   35
  260,20141206,   32
  260,20141207,   34
  260,20141208,   32
  260,20141209,   22
  260,20141210,   65
  260,20141211,   65
  260,20141212,   75
  260,20141213,   47
  260,20141214,   25
  260,20141215,   56
  260,20141216,   52
  260,20141217,   80
  260,20141218,  115
  260,20141219,   94
  260,20141220,   77
  260,20141221,   78
  260,20141222,  114
  260,20141223,  111
  260,20141224,   81
  260,20141225,   52
  260,20141226,   19
  260,20141227,    7
  260,20141228,   -9
  260,20141229,   35
  260,20141230,   50
  260,20141231,   52
  260,20150101,   30
  260,20150102,   73
  260,20150103,   38
  260,20150104,   39
  260,20150105,   24
  260,20150106,   28
  260,20150107,   45
  260,20150108,   65
  260,20150109,   99
  260,20150110,   95
  260,20150111,   64
  260,20150112,   84
  260,20150113,   86
  260,20150114,   44
  260,20150115,   79
  260,20150116,   55
  260,20150117,   30
  260,20150118,   22
  260,20150119,   10
  260,20150120,    8
  260,20150121,   -5
  260,20150122,  -12
  260,20150123,  -28
  260,20150124,   22
  260,20150125,   37
  260,20150126,   59
  260,20150127,   51
  260,20150128,   53
  260,20150129,   24
  260,20150130,   17
  260,20150131,   10
  260,20150201,   26
  260,20150202,   20
  260,20150203,   17
  260,20150204,    2
  260,20150205,   -7
  260,20150206,   -2
  260,20150207,   15
  260,20150208,   50
  260,20150209,   57
  260,20150210,   57
  260,20150211,   42
  260,20150212,   26
  260,20150213,   46
  260,20150214,   66
  260,20150215,   26
  260,20150216,    9
  260,20150217,   33
  260,20150218,   18
  260,20150219,   35
  260,20150220,   53
  260,20150221,   32
  260,20150222,   32
  260,20150223,   59
  260,20150224,   54
  260,20150225,   48
  260,20150226,   63
  260,20150227,   49
  260,20150228,   51
  260,20150301,   83
  260,20150302,   53
  260,20150303,   44
  260,20150304,   51
  260,20150305,   57
  260,20150306,   66
  260,20150307,   84
  260,20150308,   93
  260,20150309,   88
  260,20150310,   76
  260,20150311,   27
  260,20150312,   54
  260,20150313,   46
  260,20150314,   34
  260,20150315,   56
  260,20150316,   63
  260,20150317,   76
  260,20150318,   56
  260,20150319,   68
  260,20150320,   49
  260,20150321,   64
  260,20150322,   43
  260,20150323,   31
  260,20150324,   57
  260,20150325,   59
  260,20150326,   50
  260,20150327,   57
  260,20150328,   69
  260,20150329,   93
  260,20150330,   72
  260,20150331,   90
  260,20150401,   65
  260,20150402,   63
  260,20150403,   70
  260,20150404,   54
  260,20150405,   53
  260,20150406,   69
  260,20150407,   71
  260,20150408,   86
  260,20150409,  104
  260,20150410,  113
  260,20150411,   90
  260,20150412,  100
  260,20150413,   84
  260,20150414,  119
  260,20150415,  138
  260,20150416,   99
  260,20150417,   85
  260,20150418,   90
  260,20150419,   78
  260,20150420,  109
  260,20150421,  100
  260,20150422,   85
  260,20150423,   94
  260,20150424,  124
  260,20150425,  121
  260,20150426,  106
  260,20150427,   80
  260,20150428,   60
  260,20150429,   89
  260,20150430,   98
  260,20150501,   87
  260,20150502,   97
  260,20150503,  130
  260,20150504,  154
  260,20150505,  154
  260,20150506,  122
  260,20150507,  118
  260,20150508,  142
  260,20150509,  133
  260,20150510,  128
  260,20150511,  176
  260,20150512,  146
  260,20150513,  127
  260,20150514,  112
  260,20150515,   94
  260,20150516,  105
  260,20150517,  119
  260,20150518,  111
  260,20150519,  100
  260,20150520,  105
  260,20150521,  119
  260,20150522,  149
  260,20150523,  124
  260,20150524,  126
  260,20150525,  124
  260,20150526,  118
  260,20150527,  135
  260,20150528,  129
  260,20150529,  111
  260,20150530,  112
  260,20150531,  126
  260,20150601,  127
  260,20150602,  148
  260,20150603,  138
  260,20150604,  156
  260,20150605,  214
  260,20150606,  156
  260,20150607,  139
  260,20150608,  125
  260,20150609,  116
  260,20150610,  154
  260,20150611,  179
  260,20150612,  216
  260,20150613,  175
  260,20150614,  153
  260,20150615,  133
  260,20150616,  114
  260,20150617,  160
  260,20150618,  143
  260,20150619,  127
  260,20150620,  130
  260,20150621,  144
  260,20150622,  127
  260,20150623,  126
  260,20150624,  158
  260,20150625,  182
  260,20150626,  205
  260,20150627,  176
  260,20150628,  173
  260,20150629,  180
  260,20150630,  206
  260,20150701,  260
  260,20150702,  254
  260,20150703,  241
  260,20150704,  256
  260,20150705,  202
  260,20150706,  187
  260,20150707,  198
  260,20150708,  159
  260,20150709,  135
  260,20150710,  165
  260,20150711,  204
  260,20150712,  177
  260,20150713,  174
  260,20150714,  179
  260,20150715,  179
  260,20150716,  196
  260,20150717,  217
  260,20150718,  182
  260,20150719,  162
  260,20150720,  178
  260,20150721,  210
  260,20150722,  195
  260,20150723,  178
  260,20150724,  184
  260,20150725,  149
  260,20150726,  148
  260,20150727,  166
  260,20150728,  152
  260,20150729,  141
  260,20150730,  138
  260,20150731,  133
  260,20150801,  151
  260,20150802,  177
  260,20150803,  215
  260,20150804,  180
  260,20150805,  189
  260,20150806,  205
  260,20150807,  206
  260,20150808,  187
  260,20150809,  186
  260,20150810,  198
  260,20150811,  200
  260,20150812,  195
  260,20150813,  217
  260,20150814,  209
  260,20150815,  184
  260,20150816,  150
  260,20150817,  143
  260,20150818,  146
  260,20150819,  165
  260,20150820,  179
  260,20150821,  197
  260,20150822,  207
  260,20150823,  197
  260,20150824,  179
  260,20150825,  167
  260,20150826,  202
  260,20150827,  157
  260,20150828,  154
  260,20150829,  170
  260,20150830,  200
  260,20150831,  209
  260,20150901,  161
  260,20150902,  132
  260,20150903,  122
  260,20150904,  135
  260,20150905,  132
  260,20150906,  131
  260,20150907,  142
  260,20150908,  139
  260,20150909,  131
  260,20150910,  143
  260,20150911,  143
  260,20150912,  157
  260,20150913,  166
  260,20150914,  145
  260,20150915,  125
  260,20150916,  154
  260,20150917,  144
  260,20150918,  139
  260,20150919,  134
  260,20150920,  135
  260,20150921,  146
  260,20150922,  131
  260,20150923,  132
  260,20150924,  126
  260,20150925,  116
  260,20150926,  104
  260,20150927,  110
  260,20150928,  105
  260,20150929,  117
  260,20150930,  123
  260,20151001,  106
  260,20151002,  103
  260,20151003,  103
  260,20151004,  103
  260,20151005,  131
  260,20151006,  153
  260,20151007,  149
  260,20151008,  124
  260,20151009,  102
  260,20151010,  109
  260,20151011,   65
  260,20151012,   48
  260,20151013,   38
  260,20151014,   51
  260,20151015,   63
  260,20151016,   77
  260,20151017,   81
  260,20151018,   84
  260,20151019,  105
  260,20151020,   95
  260,20151021,   97
  260,20151022,  119
  260,20151023,  114
  260,20151024,  118
  260,20151025,   99
  260,20151026,  105
  260,20151027,  111
  260,20151028,  106
  260,20151029,  107
  260,20151030,  102
  260,20151031,   98
  260,20151101,   77
  260,20151102,   69
  260,20151103,   90
  260,20151104,  122
  260,20151105,  133
  260,20151106,  155
  260,20151107,  164
  260,20151108,  131
  260,20151109,  136
  260,20151110,  145
  260,20151111,  127
  260,20151112,  133
  260,20151113,  114
  260,20151114,   97
  260,20151115,  143
  260,20151116,  125
  260,20151117,  135
  260,20151118,  131
  260,20151119,  112
  260,20151120,   79
  260,20151121,   43
  260,20151122,   26
  260,20151123,   32
  260,20151124,   42
  260,20151125,   54
  260,20151126,   40
  260,20151127,   45
  260,20151128,   67
  260,20151129,  102
  260,20151130,   95
  260,20151201,   97
  260,20151202,  110
  260,20151203,   98
  260,20151204,   94
  260,20151205,   79
  260,20151206,  105
  260,20151207,  105
  260,20151208,   98
  260,20151209,   76
  260,20151210,   59
  260,20151211,   70
  260,20151212,   76
  260,20151213,   68
  260,20151214,   76
  260,20151215,   74
  260,20151216,  114
  260,20151217,  136
  260,20151218,  118
  260,20151219,  122
  260,20151220,  116
  260,20151221,  104
  260,20151222,  130
  260,20151223,  106
  260,20151224,   98
  260,20151225,   96
  260,20151226,  131
  260,20151227,  118
  260,20151228,   89
  260,20151229,   75
  260,20151230,   69
  260,20151231,   78
  260,20160101,   41
  260,20160102,   54
  260,20160103,   69
  260,20160104,   57
  260,20160105,   68
  260,20160106,   26
  260,20160107,   61
  260,20160108,   54
  260,20160109,   56
  260,20160110,   69
  260,20160111,   48
  260,20160112,   58
  260,20160113,   50
  260,20160114,   35
  260,20160115,   24
  260,20160116,   27
  260,20160117,  -10
  260,20160118,  -33
  260,20160119,  -25
  260,20160120,   12
  260,20160121,  -12
  260,20160122,    9
  260,20160123,   66
  260,20160124,   77
  260,20160125,  107
  260,20160126,   92
  260,20160127,  109
  260,20160128,   67
  260,20160129,   85
  260,20160130,   74
  260,20160131,   68
  260,20160201,  115
  260,20160202,   89
  260,20160203,   50
  260,20160204,   51
  260,20160205,   87
  260,20160206,   94
  260,20160207,   85
  260,20160208,   85
  260,20160209,   53
  260,20160210,   48
  260,20160211,   38
  260,20160212,   27
  260,20160213,   18
  260,20160214,   14
  260,20160215,   23
  260,20160216,   -3
  260,20160217,  -13
  260,20160218,   13
  260,20160219,   39
  260,20160220,   82
  260,20160221,  104
  260,20160222,   68
  260,20160223,   43
  260,20160224,   23
  260,20160225,   18
  260,20160226,   21
  260,20160227,   22
  260,20160228,   22
  260,20160229,   13
  260,20160301,   20
  260,20160302,   53
  260,20160303,   39
  260,20160304,   10
  260,20160305,    5
  260,20160306,   30
  260,20160307,   25
  260,20160308,   36
  260,20160309,   44
  260,20160310,   41
  260,20160311,   32
  260,20160312,   31
  260,20160313,   39
  260,20160314,   41
  260,20160315,   46
  260,20160316,   44
  260,20160317,   57
  260,20160318,   52
  260,20160319,   62
  260,20160320,   68
  260,20160321,   72
  260,20160322,   76
  260,20160323,   76
  260,20160324,   79
  260,20160325,   65
  260,20160326,   95
  260,20160327,   91
  260,20160328,   97
  260,20160329,   78
  260,20160330,   81
  260,20160331,   76
  260,20160401,   72
  260,20160402,  101
  260,20160403,  152
  260,20160404,  124
  260,20160405,  106
  260,20160406,   89
  260,20160407,   73
  260,20160408,   67
  260,20160409,   92
  260,20160410,  107
  260,20160411,  132
  260,20160412,  116
  260,20160413,   90
  260,20160414,  106
  260,20160415,  103
  260,20160416,   86
  260,20160417,   62
  260,20160418,   81
  260,20160419,   97
  260,20160420,   86
  260,20160421,  101
  260,20160422,   87
  260,20160423,   62
  260,20160424,   46
  260,20160425,   49
  260,20160426,   48
  260,20160427,   60
  260,20160428,   58
  260,20160429,   74
  260,20160430,   77
  260,20160501,   79
  260,20160502,  115
  260,20160503,   97
  260,20160504,   95
  260,20160505,  128
  260,20160506,  164
  260,20160507,  195
  260,20160508,  201
  260,20160509,  202
  260,20160510,  189
  260,20160511,  204
  260,20160512,  202
  260,20160513,  154
  260,20160514,   89
  260,20160515,   86
  260,20160516,   93
  260,20160517,  123
  260,20160518,  136
  260,20160519,  134
  260,20160520,  137
  260,20160521,  179
  260,20160522,  155
  260,20160523,  120
  260,20160524,  114
  260,20160525,  118
  260,20160526,  137
  260,20160527,  160
  260,20160528,  176
  260,20160529,  172
  260,20160530,  162
  260,20160531,  182
  260,20160601,  192
  260,20160602,  153
  260,20160603,  164
  260,20160604,  201
  260,20160605,  200
  260,20160606,  189
  260,20160607,  201
  260,20160608,  161
  260,20160609,  153
  260,20160610,  164
  260,20160611,  162
  260,20160612,  166
  260,20160613,  159
  260,20160614,  152
  260,20160615,  146
  260,20160616,  157
  260,20160617,  151
  260,20160618,  141
  260,20160619,  153
  260,20160620,  155
  260,20160621,  170
  260,20160622,  201
  260,20160623,  220
  260,20160624,  192
  260,20160625,  154
  260,20160626,  149
  260,20160627,  149
  260,20160628,  167
  260,20160629,  160
  260,20160630,  164
  260,20160701,  169
  260,20160702,  154
  260,20160703,  147
  260,20160704,  170
  260,20160705,  154
  260,20160706,  149
  260,20160707,  168
  260,20160708,  175
  260,20160709,  197
  260,20160710,  213
  260,20160711,  186
  260,20160712,  166
  260,20160713,  145
  260,20160714,  145
  260,20160715,  166
  260,20160716,  197
  260,20160717,  198
  260,20160718,  202
  260,20160719,  228
  260,20160720,  254
  260,20160721,  218
  260,20160722,  211
  260,20160723,  211
  260,20160724,  207
  260,20160725,  182
  260,20160726,  184
  260,20160727,  179
  260,20160728,  190
  260,20160729,  183
  260,20160730,  177
  260,20160731,  170
  260,20160801,  165
  260,20160802,  166
  260,20160803,  190
  260,20160804,  173
  260,20160805,  176
  260,20160806,  164
  260,20160807,  184
  260,20160808,  172
  260,20160809,  144
  260,20160810,  128
  260,20160811,  136
  260,20160812,  189
  260,20160813,  176
  260,20160814,  170
  260,20160815,  161
  260,20160816,  163
  260,20160817,  172
  260,20160818,  177
  260,20160819,  181
  260,20160820,  178
  260,20160821,  167
  260,20160822,  180
  260,20160823,  210
  260,20160824,  228
  260,20160825,  243
  260,20160826,  221
  260,20160827,  216
  260,20160828,  205
  260,20160829,  172
  260,20160830,  162
  260,20160831,  174
  260,20160901,  172
  260,20160902,  166
  260,20160903,  185
  260,20160904,  179
  260,20160905,  173
  260,20160906,  177
  260,20160907,  183
  260,20160908,  196
  260,20160909,  169
  260,20160910,  184
  260,20160911,  185
  260,20160912,  209
  260,20160913,  235
  260,20160914,  230
  260,20160915,  226
  260,20160916,  174
  260,20160917,  173
  260,20160918,  167
  260,20160919,  144
  260,20160920,  145
  260,20160921,  147
  260,20160922,  138
  260,20160923,  136
  260,20160924,  152
  260,20160925,  163
  260,20160926,  135
  260,20160927,  145
  260,20160928,  187
  260,20160929,  159
  260,20160930,  145
  260,20161001,  135
  260,20161002,  121
  260,20161003,  145
  260,20161004,  130
  260,20161005,   98
  260,20161006,   94
  260,20161007,  118
  260,20161008,  110
  260,20161009,   79
  260,20161010,   79
  260,20161011,   80
  260,20161012,   89
  260,20161013,   91
  260,20161014,   99
  260,20161015,  107
  260,20161016,  133
  260,20161017,  121
  260,20161018,  102
  260,20161019,   88
  260,20161020,   85
  260,20161021,   76
  260,20161022,   67
  260,20161023,   48
  260,20161024,   71
  260,20161025,   87
  260,20161026,   95
  260,20161027,  118
  260,20161028,  131
  260,20161029,   96
  260,20161030,   87
  260,20161031,   85
  260,20161101,   81
  260,20161102,   72
  260,20161103,   67
  260,20161104,   76
  260,20161105,   69
  260,20161106,   61
  260,20161107,   42
  260,20161108,   19
  260,20161109,   30
  260,20161110,   40
  260,20161111,   18
  260,20161112,   20
  260,20161113,   27
  260,20161114,   31
  260,20161115,  108
  260,20161116,  119
  260,20161117,   93
  260,20161118,   60
  260,20161119,   58
  260,20161120,   84
  260,20161121,  120
  260,20161122,  110
  260,20161123,   79
  260,20161124,   66
  260,20161125,   33
  260,20161126,   -1
  260,20161127,   56
  260,20161128,   -3
  260,20161129,  -31
  260,20161130,   20
  260,20161201,   79
  260,20161202,   52
  260,20161203,   -1
  260,20161204,  -14
  260,20161205,  -27
  260,20161206,    1
  260,20161207,   63
  260,20161208,   82
  260,20161209,   91
  260,20161210,   78
  260,20161211,   85
  260,20161212,   53
  260,20161213,   66
  260,20161214,   73
  260,20161215,   65
  260,20161216,   54
  260,20161217,   61
  260,20161218,   62
  260,20161219,   43
  260,20161220,   -6
  260,20161221,   41
  260,20161222,   59
  260,20161223,   60
  260,20161224,   79
  260,20161225,  104
  260,20161226,   83
  260,20161227,   66
  260,20161228,   10
  260,20161229,  -22
  260,20161230,  -11
  260,20161231,   18
  260,20170101,    5
  260,20170102,   30
  260,20170103,   50
  260,20170104,   58
  260,20170105,    0
  260,20170106,  -30
  260,20170107,   -2
  260,20170108,   43
  260,20170109,   48
  260,20170110,   53
  260,20170111,   72
  260,20170112,   52
  260,20170113,   31
  260,20170114,   18
  260,20170115,    7
  260,20170116,  -16
  260,20170117,  -34
  260,20170118,  -38
  260,20170119,  -20
  260,20170120,   -3
  260,20170121,   -2
  260,20170122,  -17
  260,20170123,   16
  260,20170124,    8
  260,20170125,  -11
  260,20170126,  -28
  260,20170127,    8
  260,20170128,   54
  260,20170129,   47
  260,20170130,   49
  260,20170131,   37
  260,20170201,   34
  260,20170202,   86
  260,20170203,   86
  260,20170204,   57
  260,20170205,   44
  260,20170206,   43
  260,20170207,   24
  260,20170208,    0
  260,20170209,  -16
  260,20170210,  -23
  260,20170211,   -4
  260,20170212,    7
  260,20170213,   22
  260,20170214,   38
  260,20170215,   74
  260,20170216,   68
  260,20170217,   70
  260,20170218,   56
  260,20170219,   62
  260,20170220,   91
  260,20170221,   96
  260,20170222,   95
  260,20170223,   80
  260,20170224,   45
  260,20170225,   58
  260,20170226,   87
  260,20170227,   87
  260,20170228,   47
  260,20170301,   63
  260,20170302,   66
  260,20170303,   59
  260,20170304,   92
  260,20170305,   69
  260,20170306,   60
  260,20170307,   67
  260,20170308,   59
  260,20170309,   77
  260,20170310,   65
  260,20170311,   73
  260,20170312,   79
  260,20170313,   65
  260,20170314,   88
  260,20170315,   90
  260,20170316,   94
  260,20170317,   83
  260,20170318,   97
  260,20170319,  113
  260,20170320,  103
  260,20170321,   75
  260,20170322,   63
  260,20170323,   82
  260,20170324,   84
  260,20170325,   85
  260,20170326,   80
  260,20170327,   92
  260,20170328,  113
  260,20170329,  126
  260,20170330,  157
  260,20170331,  145
  260,20170401,  108
  260,20170402,  103
  260,20170403,   81
  260,20170404,   98
  260,20170405,   92
  260,20170406,   81
  260,20170407,  105
  260,20170408,   96
  260,20170409,  117
  260,20170410,   98
  260,20170411,   96
  260,20170412,   98
  260,20170413,   93
  260,20170414,   99
  260,20170415,   96
  260,20170416,   79
  260,20170417,   65
  260,20170418,   61
  260,20170419,   39
  260,20170420,   69
  260,20170421,  111
  260,20170422,   78
  260,20170423,   66
  260,20170424,   93
  260,20170425,   59
  260,20170426,   50
  260,20170427,   61
  260,20170428,   76
  260,20170429,   76
  260,20170430,  123
  260,20170501,  117
  260,20170502,  100
  260,20170503,  107
  260,20170504,  104
  260,20170505,   89
  260,20170506,  128
  260,20170507,  117
  260,20170508,   97
  260,20170509,   80
  260,20170510,   90
  260,20170511,  154
  260,20170512,  155
  260,20170513,  140
  260,20170514,  134
  260,20170515,  149
  260,20170516,  204
  260,20170517,  223
  260,20170518,  165
  260,20170519,  136
  260,20170520,  125
  260,20170521,  144
  260,20170522,  176
  260,20170523,  161
  260,20170524,  159
  260,20170525,  174
  260,20170526,  203
  260,20170527,  229
  260,20170528,  205
  260,20170529,  219
  260,20170530,  183
  260,20170531,  174
  260,20170601,  166
  260,20170602,  198
  260,20170603,  184
  260,20170604,  154
  260,20170605,  171
  260,20170606,  141
  260,20170607,  140
  260,20170608,  168
  260,20170609,  165
  260,20170610,  178
  260,20170611,  199
  260,20170612,  161
  260,20170613,  163
  260,20170614,  174
  260,20170615,  200
  260,20170616,  162
  260,20170617,  186
  260,20170618,  208
  260,20170619,  236
  260,20170620,  216
  260,20170621,  214
  260,20170622,  229
  260,20170623,  196
  260,20170624,  171
  260,20170625,  175
  260,20170626,  168
  260,20170627,  173
  260,20170628,  180
  260,20170629,  175
  260,20170630,  162
  260,20170701,  161
  260,20170702,  156
  260,20170703,  166
  260,20170704,  186
  260,20170705,  190
  260,20170706,  199
  260,20170707,  206
  260,20170708,  186
  260,20170709,  172
  260,20170710,  196
  260,20170711,  177
  260,20170712,  149
  260,20170713,  146
  260,20170714,  142
  260,20170715,  172
  260,20170716,  186
  260,20170717,  186
  260,20170718,  199
  260,20170719,  235
  260,20170720,  191
  260,20170721,  182
  260,20170722,  194
  260,20170723,  160
  260,20170724,  161
  260,20170725,  167
  260,20170726,  190
  260,20170727,  185
  260,20170728,  172
  260,20170729,  182
  260,20170730,  188
  260,20170731,  181
  260,20170801,  178
  260,20170802,  176
  260,20170803,  190
  260,20170804,  183
  260,20170805,  159
  260,20170806,  158
  260,20170807,  168
  260,20170808,  162
  260,20170809,  167
  260,20170810,  157
  260,20170811,  167
  260,20170812,  168
  260,20170813,  162
  260,20170814,  179
  260,20170815,  179
  260,20170816,  176
  260,20170817,  173
  260,20170818,  169
  260,20170819,  154
  260,20170820,  158
  260,20170821,  159
  260,20170822,  182
  260,20170823,  196
  260,20170824,  179
  260,20170825,  169
  260,20170826,  182
  260,20170827,  178
  260,20170828,  187
  260,20170829,  210
  260,20170830,  178
  260,20170831,  144
  260,20170901,  147
  260,20170902,  133
  260,20170903,  130
  260,20170904,  158
  260,20170905,  186
  260,20170906,  159
  260,20170907,  156
  260,20170908,  151
  260,20170909,  132
  260,20170910,  139
  260,20170911,  141
  260,20170912,  146
  260,20170913,  141
  260,20170914,  117
  260,20170915,  125
  260,20170916,  106
  260,20170917,  108
  260,20170918,  120
  260,20170919,  120
  260,20170920,  135
  260,20170921,  134
  260,20170922,  119
  260,20170923,  109
  260,20170924,  121
  260,20170925,  142
  260,20170926,  132
  260,20170927,  136
  260,20170928,  158
  260,20170929,  171
  260,20170930,  131
  260,20171001,  141
  260,20171002,  156
  260,20171003,  136
  260,20171004,  130
  260,20171005,  129
  260,20171006,  116
  260,20171007,  122
  260,20171008,  121
  260,20171009,  121
  260,20171010,  143
  260,20171011,  148
  260,20171012,  134
  260,20171013,  153
  260,20171014,  148
  260,20171015,  158
  260,20171016,  186
  260,20171017,  129
  260,20171018,  137
  260,20171019,  157
  260,20171020,  137
  260,20171021,  132
  260,20171022,  108
  260,20171023,  126
  260,20171024,  153
  260,20171025,  142
  260,20171026,  140
  260,20171027,  118
  260,20171028,  124
  260,20171029,  107
  260,20171030,   83
  260,20171031,  101
  260,20171101,  112
  260,20171102,   98
  260,20171103,   88
  260,20171104,  106
  260,20171105,   78
  260,20171106,   48
  260,20171107,   33
  260,20171108,   59
  260,20171109,   87
  260,20171110,   92
  260,20171111,   66
  260,20171112,   52
  260,20171113,   62
  260,20171114,   77
  260,20171115,   94
  260,20171116,   93
  260,20171117,   56
  260,20171118,   69
  260,20171119,   67
  260,20171120,   78
  260,20171121,  115
  260,20171122,  114
  260,20171123,  111
  260,20171124,   69
  260,20171125,   37
  260,20171126,   53
  260,20171127,   67
  260,20171128,   54
  260,20171129,   29
  260,20171130,   15
  260,20171201,    0
  260,20171202,   -4
  260,20171203,   37
  260,20171204,   70
  260,20171205,   76
  260,20171206,   80
  260,20171207,   59
  260,20171208,   26
  260,20171209,   21
  260,20171210,   11
  260,20171211,   -1
  260,20171212,   18
  260,20171213,   40
  260,20171214,   33
  260,20171215,   26
  260,20171216,   27
  260,20171217,   25
  260,20171218,   59
  260,20171219,   52
  260,20171220,   75
  260,20171221,   84
  260,20171222,   86
  260,20171223,   87
  260,20171224,   82
  260,20171225,   74
  260,20171226,   58
  260,20171227,   51
  260,20171228,   39
  260,20171229,   28
  260,20171230,   88
  260,20171231,  106
